SAD: 0.866197
SDD: 0.886910
