SAD: 0.716558
SDD: 0.769168
