SAD: 0.862561
SDD: 0.883361
